CO2,CO,PM2.5,PM10,SO2,NOx,VOC,from
1,0.99,0.96,0.96,0.91,0.99,0.98,CO2
0.99,1,0.98,0.98,0.94,0.99,0.99,CO
0.96,0.98,1,1,0.98,0.99,0.99,PM2.5
0.96,0.98,1,1,0.97,0.99,0.99,PM10
0.91,0.94,0.98,0.97,1,0.94,0.95,SO2
0.99,0.99,0.99,0.99,0.94,1,0.99,NOx
0.98,0.99,0.99,0.99,0.95,0.99,1,VOC
